Customers
10

id cubage weight length tw_begin tw_end service_time
0 0 0 0 420 1080 0
1 0 12.9 1 420 1080 30
2 0 9.523 1 420 1080 30
3 0 68 1 420 1080 30
4 0 3.25 1 420 1080 30
5 0 5.85 1 420 1080 30
6 0 15 1 420 1080 30
7 0 254.211 1 420 1080 30
8 0 3.51 1 420 1080 30
9 0 19.65 1 420 1080 30
10 0 24.75 1 420 1080 30

Vehicles
3
id avg_speed priority fixed_cost cost_km max_cubage max_weight max_length max_duration
0 50 2 20 10 100 100 500 420
1 50 2 20 10 100 100 500 420
2 50 2 20 10 100 100 500 420

Distances
0 120288.055 142198.578 140027.375 136482.312 121531.711 128554.016 139349.5 11975.913 13990.437 139688.641 
117974.328 0 196214.281 22849.475 18253.268 1564.598 11000.02 193365.203 129663.008 114638.812 193704.344 
142439.531 194995.125 0 214852.188 211307.109 196356.531 203378.828 4552.765 154128.219 139104.016 5326.833 
139728.578 24252.137 217968.516 0 6265.521 24415.717 13451.334 215119.469 151417.266 136393.047 215458.594 
135652.094 18384.771 213892.047 6135.476 0 18548.352 10206.06 211042.969 147340.797 132316.594 211382.109 
119464.711 2148.587 197704.672 23007.812 18411.607 0 11158.357 194855.594 131153.406 116129.203 195194.734 
130886.539 10287.463 209126.5 14397.004 9800.798 10451.043 0 206277.422 142575.219 127551.023 206616.562 
137817.219 190372.812 3715.845 210229.875 206684.812 191734.219 198756.531 0 149505.906 134481.703 2270.219
12322.497 131266.297 153294.578 151123.359 147578.312 132627.703 139650.016 150445.5 0 24968.684 150784.641
8396.945 117680.062 139708.344 137537.125 133992.062 119041.477 126063.773 136859.266 20085.639 0 137198.406 
137784.828 190340.438 4189.589 210197.5 206652.453 191701.844 198724.156 1770.197 149473.547 134449.328 0
